image: five_floor.pgm
resolution: 0.025000
origin: [-8.493237, -10.668161, 0.000000]
negate: 0
occupied_thresh: 0.65
free_thresh: 0.196

